18
0,0
1,0
0,1/8
1,1/8
0,1/4
1,1/4
0,3/8
1,3/8
0,1/2
1,1/2
0,5/8
1,5/8
0,3/4
1,3/4
0,7/8
1,7/8
0,1
1,1
8
4 0 1 3 2
4 2 3 5 4
4 4 5 7 6
4 6 7 9 8
4 8 9 11 10
4 10 11 13 12
4 12 13 15 14
4 14 15 17 16
9999999999999999998,0
9999999999999999999,0
9999999999999999998,1/8
9999999999999999999,1/8
9999999999999999998,0
9999999999999999999,0
9999999999999999998,1/8
9999999999999999999,1/8
9999999999999999998,0
9999999999999999999,0
9999999999999999998,1/8
9999999999999999999,1/8
9999999999999999998,0
9999999999999999999,0
9999999999999999998,1/8
9999999999999999999,1/8
9999999999999999998,0
9999999999999999999,0
