34
0,0
1,0
0,1/16
1,1/16
0,1/8
1,1/8
0,3/16
1,3/16
0,1/4
1,1/4
0,5/16
1,5/16
0,3/8
1,3/8
0,7/16
1,7/16
0,1/2
1,1/2
0,9/16
1,9/16
0,5/8
1,5/8
0,11/16
1,11/16
0,3/4
1,3/4
0,13/16
1,13/16
0,7/8
1,7/8
0,15/16
1,15/16
0,1
1,1
16
4 0 1 3 2
4 2 3 5 4
4 4 5 7 6
4 6 7 9 8
4 8 9 11 10
4 10 11 13 12
4 12 13 15 14
4 14 15 17 16
4 16 17 19 18
4 18 19 21 20
4 20 21 23 22
4 22 23 25 24
4 24 25 27 26
4 26 27 29 28
4 28 29 31 30
4 30 31 33 32
0,-1/16
1,-1/16
0,0
1,0
0,-1/16
1,-1/16
0,0
1,0
0,-1/16
1,-1/16
0,0
1,0
0,-1/16
1,-1/16
0,0
1,0
0,-1/16
1,-1/16
0,0
1,0
0,-1/16
1,-1/16
0,0
1,0
0,-1/16
1,-1/16
0,0
1,0
0,-1/16
1,-1/16
0,0
1,0
0,-1/16
1,-1/16
